015000 9.100000 16.810000
020000 12.950000 24.260000
025000 17.250000 32.220000
030000 21.070000 41.390000
035000 26.460000 50.780000
040000 30.460000 58.880000
045000 35.180000 67.820000
050000 40.240000 78.340000
055000 44.100000 88.510000
060000 49.560000 100.180000
065000 54.320000 114.410000
070000 61.290000 123.370000
075000 66.430000 131.980000
080000 71.180000 142.070000
085000 76.200000 154.430000
090000 83.120000 167.410000
095000 86.840000 185.420000
100000 97.620000 193.500000
105000 99.720000 205.850000
110000 106.030000 220.490000
115000 112.700000 234.850000
120000 119.290000 248.090000
