015000 8.170000 14.940000
020000 12.480000 21.990000
025000 16.710000 30.010000
030000 21.850000 39.240000
035000 25.800000 48.740000
040000 30.440000 55.970000
045000 35.020000 65.170000
050000 39.770000 75.830000
055000 44.440000 85.950000
060000 49.300000 97.540000
065000 53.810000 112.170000
070000 61.620000 120.410000
075000 66.840000 128.160000
080000 71.060000 137.310000
085000 76.360000 147.310000
090000 82.320000 159.480000
095000 86.330000 171.510000
100000 93.850000 186.060000
105000 99.160000 200.470000
110000 104.700000 210.580000
115000 112.040000 226.920000
120000 117.730000 237.700000
