015000 9.210000 25.320000
020000 13.160000 35.550000
025000 17.350000 46.600000
030000 21.540000 58.700000
035000 26.790000 70.650000
040000 31.140000 82.160000
045000 35.900000 93.690000
050000 41.070000 108.710000
055000 45.270000 120.710000
060000 50.170000 136.390000
065000 55.050000 155.070000
070000 62.830000 165.000000
075000 68.010000 177.110000
080000 72.550000 189.250000
085000 77.390000 202.110000
090000 83.690000 218.010000
095000 88.590000 235.660000
100000 94.990000 249.830000
105000 100.310000 264.610000
110000 105.660000 279.980000
115000 112.350000 294.650000
120000 117.520000 308.640000
