015000 3.900000 6.920000
020000 5.460000 9.550000
025000 7.230000 12.900000
030000 8.950000 16.590000
035000 11.170000 20.710000
040000 13.040000 23.520000
045000 14.990000 27.240000
050000 16.960000 31.890000
055000 18.780000 36.090000
060000 21.010000 40.980000
065000 23.340000 48.250000
070000 29.130000 52.200000
075000 29.020000 54.760000
080000 31.000000 58.780000
085000 33.240000 63.180000
090000 35.430000 68.020000
095000 37.630000 73.110000
100000 40.170000 78.700000
105000 42.420000 82.420000
110000 44.270000 89.180000
115000 47.770000 95.260000
120000 50.010000 100.800000
