015000 3.940000 9.550000
020000 5.570000 12.950000
025000 7.300000 17.530000
030000 9.070000 22.060000
035000 11.210000 27.110000
040000 13.080000 31.240000
045000 15.210000 35.850000
050000 17.040000 41.250000
055000 19.270000 46.630000
060000 21.370000 52.250000
065000 23.380000 58.950000
070000 26.760000 63.500000
075000 28.730000 68.150000
080000 30.680000 73.200000
085000 32.910000 78.360000
090000 35.180000 83.660000
095000 37.230000 89.040000
100000 40.230000 95.420000
105000 42.360000 101.670000
110000 44.320000 107.580000
115000 47.520000 114.040000
120000 49.540000 120.720000
