015000 3.470000 5.890000
020000 5.050000 8.900000
025000 6.870000 12.070000
030000 8.590000 15.560000
035000 10.880000 19.250000
040000 12.640000 22.510000
045000 14.680000 26.250000
050000 16.900000 30.530000
055000 18.550000 34.690000
060000 21.030000 39.630000
065000 23.170000 45.680000
070000 26.290000 50.120000
075000 28.100000 52.440000
080000 30.380000 57.110000
085000 32.650000 60.550000
090000 35.280000 65.940000
095000 36.840000 70.690000
100000 40.030000 76.430000
105000 42.040000 81.300000
110000 44.440000 86.320000
115000 47.430000 92.600000
120000 49.900000 97.860000
